<?xml version="1.0" encoding="UTF-8"?>
<svg width="125px" height="125px" viewBox="0 0 125 125" version="1.1" xmlns="http://www.w3.org/2000/svg" xmlns:xlink="http://www.w3.org/1999/xlink">
    <!-- Generator: sketchtool 61.1 (101010) - https://sketch.com -->
    <title>05F7A7FB-CC60-4F51-A5C0-A488223544AE</title>
    <desc>Created with sketchtool.</desc>
    <g id="Desktop" stroke="none" stroke-width="1" fill="none" fill-rule="evenodd">
        <g id="Glyphs" transform="translate(-951.000000, -1207.000000)" fill="#FFFFFF" fill-rule="nonzero">
            <g id="Glyph-_FOIA-Negative" transform="translate(951.000000, 1207.000000)">
                <g id="Group" opacity="0.1" transform="translate(7.231405, 9.221311)">
                    <path d="M72.7789276,18.4070525 L72.277481,18.5455555 C70.8941799,18.9437518 69.5108788,19.3800363 68.144869,19.8786472 C67.1731,18.1161962 66.132166,16.3745206 65.0601076,14.6224573 C64.0433814,12.9569583 62.985156,11.2810717 61.971888,9.56017156 C62.3350045,9.25546489 62.7015793,8.94383308 63.0646958,8.63220126 C63.5419347,8.21669218 63.9949658,7.84619658 64.530995,7.3441231 C65.0670241,6.84204962 65.544263,6.35728902 66.0284184,5.82058978 C66.2981621,5.51934569 66.5644476,5.20771388 66.8272748,4.88223176 L64.9494436,5.30120342 C65.6579888,4.42917529 66.2832167,3.49247961 66.8169,2.50344224 C67.2225758,1.74292226 67.5604876,0.948068732 67.8267098,0.128115302 L67.8578341,0.0311631815 C67.8578341,0.159278483 67.8405428,0.294318936 67.8370845,0.429359389 C67.8383491,1.33947542 67.9545458,2.24577897 68.1829098,3.12670587 C68.3004904,3.6080039 68.4388205,4.09622707 68.6048166,4.58791283 C68.7708128,5.07959858 68.9886827,5.62668554 69.1961778,6.18416023 C69.8359546,7.83927143 70.5206886,9.50477035 71.2157974,11.1910447 L69.5765856,10.152272 L70.2924439,11.8835599 C71.1431741,14.0338194 72.0008208,16.1944666 72.7789276,18.4070525 Z" id="Path"></path>
                    <path d="M74.0273568,31.4228746 L74.0273568,32.3854707 L74.0273568,32.8667687 C74.0273568,33.4103931 73.975483,33.9505549 73.9236093,34.4907167 C73.8544442,35.1832319 73.7506966,35.899985 73.619283,36.5959628 L73.619283,36.6859897 C73.3709667,37.9384989 72.9895416,39.1608174 72.4815179,40.332082 C72.2268548,40.9114005 71.9369709,41.4745475 71.6134965,42.0183563 L71.3645023,42.4165525 C71.2849625,42.551593 71.1881314,42.6797083 71.1016751,42.8078236 C70.9287624,43.0675168 70.731642,43.3133597 70.5448964,43.5592025 C69.7737618,44.5172359 68.8822202,45.3714856 67.8924166,46.1007331 C68.7358369,45.2390122 69.4646336,44.2718876 70.060741,43.2233327 C70.2025294,42.9567144 70.347776,42.7004838 70.4722731,42.4269403 C70.5310634,42.2918998 70.6036867,42.1637845 70.6555605,42.0252815 L70.8284731,41.613235 C71.046302,41.0657323 71.2288117,40.5047963 71.374877,39.9338858 C71.6580467,38.8267841 71.8238069,37.6928666 71.8694072,36.5509493 C71.8694072,36.5232487 71.8694072,36.4920855 71.8694072,36.4643849 C71.8901567,35.8930599 71.8866984,35.3251975 71.8694072,34.7573351 C71.8521159,34.1894726 71.7898674,33.566209 71.7103275,32.970646 L71.6515372,32.537824 L71.5858304,32.1050021 L71.5477897,31.8903224 L71.5097489,31.6756427 L71.4302091,31.2428207 C71.3126285,30.6714957 71.1881314,30.1036333 71.0359683,29.5392334 C70.7476655,28.4083433 70.4013815,27.2930708 69.9984925,26.1978479 C69.8359546,25.7615633 69.6526672,25.3252788 69.4901293,24.8959194 C69.0370982,23.7948203 68.5425681,22.7144967 68.0169137,21.6410982 L69.6526672,22.679871 L69.6526672,22.679871 C69.348341,22.0635325 69.0324872,21.4483482 68.705106,20.8343181 C68.5391098,20.5226863 68.3592807,20.2110545 68.1932846,19.8994227 C69.5108788,19.390424 70.8941799,18.9437518 72.277481,18.5455555 L72.7789276,18.4070525 L72.9518403,18.9022008 C73.4221626,20.2872311 73.8579025,21.6722614 74.2383103,23.1057678 C74.4907627,24.0510509 74.7190074,25.0067218 74.9299608,25.9693179 L73.290749,24.9513206 C73.3114985,25.0413476 73.3287898,25.1348371 73.3495393,25.2283267 C73.5983335,26.4877276 73.7830121,27.7589798 73.9028597,29.03716 C73.9685665,29.6742739 74.0031491,30.3148504 74.0308151,30.9554269 L74.0273568,31.4228746 Z" id="Path"></path>
                    <path d="M96.3815022,18.1646722 L96.1359662,18.4728415 C95.6068426,19.2095243 95.1723073,20.0098826 94.8425797,20.8550935 C94.6592923,21.3121535 94.4967544,21.7934516 94.3376748,22.2851373 C94.1785952,22.7768231 94.0437233,23.3654609 93.8915602,23.9298608 C93.4523621,25.6611486 93.0442883,27.3924365 92.629298,29.1860507 L91.8961484,27.3855114 C91.7543601,27.9949247 91.6091135,28.604338 91.4673251,29.2172139 C90.9382124,31.4540378 90.3814338,33.7185623 89.7381988,35.965774 L89.2540434,35.7787949 C87.9018666,35.2732588 86.5289403,34.8058111 85.1387227,34.3937646 C85.3704256,32.3889333 85.5364218,30.3564013 85.6851266,28.3030939 C85.826915,26.3467386 85.9514121,24.3696079 86.1174082,22.361314 C86.5877306,22.3336134 87.0615112,22.2989876 87.5387501,22.2643619 C88.1646938,22.2158858 88.7456802,22.1847226 89.468455,22.0981582 C90.1912299,22.0115938 90.8517561,21.904254 91.5641562,21.7519007 C91.9549387,21.6687988 92.3526378,21.5753093 92.7503368,21.4679695 L90.9900862,20.6888899 C92.0676273,20.405241 93.1156304,20.0191401 94.1198049,19.5358522 C94.8912066,19.1668337 95.6264111,18.7263188 96.3157954,18.2200734 L96.3815022,18.1646722 Z" id="Path"></path>
                    <path d="M89.2436686,35.7787949 L89.727824,35.965774 L89.5825774,36.47131 C89.1606706,37.8563403 88.7041812,39.2656086 88.1992763,40.6264009 C87.853451,41.5405209 87.4903345,42.4511783 87.0926355,43.3479854 L86.3456529,41.5509086 L86.2280723,41.8140644 C85.7035941,42.9768688 85.1195253,44.1117948 84.4781964,45.2143137 C84.1634954,45.7683258 83.8211284,46.3084877 83.4718449,46.8417243 L83.2021012,47.2364579 L83.0672293,47.4338248 L82.9288992,47.627729 L82.6487808,48.0155375 L82.3582875,48.3964208 C82.0332118,48.8257802 81.6873865,49.2435977 81.3208117,49.6498732 C80.8574059,50.1796473 80.366334,50.6886459 79.8545126,51.169944 L79.7888058,51.2322703 C78.8641784,52.0985877 77.8470866,52.860328 76.7559182,53.50372 C76.217406,53.8223596 75.6582288,54.1046113 75.0821239,54.3485885 L74.6463841,54.5251798 C74.5045957,54.5840436 74.3524326,54.6290571 74.207186,54.6844583 C73.920151,54.7917982 73.619283,54.8714374 73.3218733,54.9580018 C72.1433391,55.2746305 70.9282219,55.434132 69.7079992,55.432389 C70.8883878,55.236735 72.0381891,54.8875221 73.1282111,54.393602 C73.3944966,54.2654867 73.6607821,54.1442965 73.920151,53.9954057 C74.0481064,53.9226917 74.17952,53.8603653 74.3040171,53.7807261 L74.6775083,53.5521961 C75.1713924,53.2360045 75.6449527,52.8890638 76.0953919,52.5134233 C76.9644945,51.7841876 77.7539299,50.9647483 78.450462,50.0688449 C78.4712115,50.0480694 78.4885028,50.0238314 78.5057941,50.0030559 C78.8516193,49.5413792 79.1778478,49.0797024 79.4844796,48.6180257 C79.8095553,48.1194148 80.1104233,47.603491 80.3905418,47.0771795 L80.5945787,46.6928336 L80.7882408,46.3015625 L80.8850719,46.1076583 L80.9784447,45.9068289 L81.1617321,45.5120952 C81.4003515,44.9788586 81.6285962,44.4456219 81.8326331,43.898535 C82.250398,42.8075727 82.6116889,41.6957634 82.9150662,40.5675371 C83.0361051,40.1174023 83.1502274,39.6638048 83.2608915,39.2102074 C83.5306352,38.0560155 83.7611854,36.8856649 83.952542,35.6991557 L84.6856916,37.499695 L84.6856916,37.499695 C84.7998139,36.8071799 84.896645,36.1146647 84.9900178,35.442925 C85.0349751,35.0966675 85.0764741,34.733097 85.1179732,34.3764517 C86.5185655,34.8058111 87.8914918,35.2732588 89.2436686,35.7787949 Z" id="Path"></path>
                    <path d="M108.966084,49.8610903 C108.841587,49.8887909 108.713631,49.9234167 108.585676,49.9649676 C107.732445,50.2431295 106.91876,50.6306949 106.164899,51.1180053 C105.749909,51.3811611 105.337224,51.6674007 104.926845,51.9767241 C104.542978,52.2641179 104.06574,52.6692392 103.616167,53.0397348 C102.26399,54.1685345 100.915271,55.3458103 99.5492616,56.5369363 L99.9988345,54.6429074 L98.5913256,55.8686592 C96.8621993,57.3610293 95.1088652,58.8603246 93.2794495,60.2903684 L92.9924145,59.8506213 C92.1935582,58.6352572 91.356661,57.4268183 90.4678901,56.2737806 C91.8166086,54.7883356 93.1272864,53.2440268 94.4379641,51.6685549 C95.6829351,50.1727222 96.9313643,48.6491888 98.2247508,47.1221929 L99.431681,47.8908848 C99.9677102,48.2371423 100.469157,48.5453116 101.091642,48.908882 C101.714128,49.2724525 102.326239,49.5806217 102.983307,49.8818658 C103.346423,50.051532 103.723373,50.2281234 104.107239,50.3631638 L103.13547,48.680352 C104.169575,49.0941642 105.240711,49.4083703 106.334353,49.61871 C107.170027,49.7777391 108.018622,49.8588796 108.869253,49.8610903 L108.966084,49.8610903 Z" id="Path"></path>
                    <path d="M92.9889563,59.8471587 L93.2759912,60.2869058 L92.8644592,60.6089254 C91.712861,61.4918822 90.5370551,62.3402132 89.3232084,63.1504559 C88.5139773,63.6871552 87.6909132,64.1892287 86.8505578,64.6878396 L87.3001306,62.7938106 L87.0545947,62.9357762 C85.9575544,63.563173 84.8286363,64.1329607 83.6724236,64.6428261 C83.0948954,64.9025193 82.5035342,65.1345118 81.9156312,65.3595793 L81.4695166,65.5153952 L81.2447302,65.5950344 L81.0199438,65.6712111 L80.5669127,65.8166392 L80.1138816,65.9516797 C79.6020602,66.104033 79.0764057,66.2390735 78.5611261,66.3533385 C77.8694756,66.5056918 77.177825,66.621111 76.4861745,66.6995961 L76.3997182,66.6995961 C75.1479128,66.8461124 73.8838044,66.8542407 72.6302228,66.7238341 C72.0084757,66.6590464 71.3916018,66.5537923 70.7835158,66.4087397 L70.3304847,66.2910121 C70.1817799,66.2563864 70.033075,66.2009852 69.8843701,66.1594342 C69.5869604,66.0728699 69.2999254,65.9586049 69.0094322,65.851265 C67.8699408,65.4036793 66.7943746,64.8075947 65.8105485,64.0784262 C66.8749189,64.6244302 68.0061831,65.0283761 69.1754283,65.27994 C69.4659216,65.3353412 69.7529565,65.3976676 70.046908,65.4322933 C70.1921546,65.4496062 70.333943,65.4773068 70.4826478,65.4876946 L70.9183877,65.5257829 C71.4942097,65.5615463 72.071692,65.5615463 72.647514,65.5257829 C73.771414,65.4573074 74.8845723,65.2669051 75.9674366,64.9579205 L76.0504347,64.9336824 C76.5899221,64.774404 77.122493,64.5874249 77.6446891,64.3935206 C78.1668853,64.1996164 78.7409552,63.9503109 79.2700679,63.7010055 L79.6573922,63.5105638 L80.0412582,63.3097344 L80.2349204,63.2093197 L80.4251243,63.1054425 L80.8020738,62.8942253 C81.3035205,62.603369 81.7980506,62.30905 82.2787477,61.9904931 C83.2475079,61.3549359 84.1835819,60.6707823 85.0833907,59.9406483 C85.4292159,59.6497919 85.7957907,59.3520104 86.1450742,59.0473037 C87.0338452,58.2716868 87.8984083,57.4579815 88.7387637,56.6235007 L88.2891909,58.5175296 L88.2891909,58.5175296 C88.7733463,58.032769 89.2540434,57.5376207 89.7243657,57.0320847 C89.9664434,56.7723915 90.2050629,56.5126983 90.4436823,56.2495425 C91.3532028,57.4337434 92.1900999,58.6317946 92.9889563,59.8471587 Z" id="Path"></path>
                    <path d="M100.794233,83.0083277 C100.68011,82.9563891 100.559071,82.9113756 100.448407,82.8663621 C99.5972132,82.5814546 98.7124747,82.4091747 97.816677,82.3539009 C97.3325216,82.3158125 96.831075,82.3019622 96.3192536,82.3088874 C95.8074322,82.3158125 95.2195293,82.3539009 94.6420011,82.3850641 C92.8955835,82.4924039 91.1214998,82.6412947 89.3266667,82.7867228 L90.7895076,81.5228827 L88.9428006,81.675236 C86.6845616,81.85529 84.3917401,82.0214936 82.0816273,82.0803574 C82.0816273,81.9072286 82.0989186,81.7340998 82.1058351,81.5575085 C82.1646254,80.0963015 82.1784584,78.6247068 82.1369594,77.1531121 C84.0874139,76.7583785 86.0413266,76.2909308 88.0159889,75.799245 C89.8903619,75.3317973 91.7820261,74.8401116 93.7117311,74.379589 C93.8846437,74.8262613 94.0575564,75.2729335 94.2408437,75.7230684 C94.4829214,76.3117062 94.6904166,76.8657184 94.9982011,77.5339955 C95.3059856,78.2022726 95.6068536,78.8186111 95.9630536,79.4522624 C96.160174,79.79852 96.3676691,80.1447776 96.5924556,80.5118106 L96.7792012,78.5727682 C97.3775208,79.5231788 98.0629063,80.4157575 98.8264868,81.2389515 C99.4098597,81.8657226 100.048794,82.4382376 100.735442,82.9494639 L100.794233,83.0083277 Z" id="Path"></path>
                    <path d="M82.1196681,77.1531121 C82.1611671,78.6247068 82.1473341,80.0963015 82.0885438,81.5575085 C82.0885438,81.7306372 82.0885438,81.903766 82.0643361,82.0803574 L81.5455982,82.0803574 C80.106965,82.108058 78.6579572,82.0976703 77.2124076,82.0249562 C76.2475551,81.9764801 75.2827026,81.903766 74.3213083,81.7929636 L75.7806909,80.5291235 L75.5005725,80.4979603 C74.2489675,80.3496922 73.0058112,80.1370397 71.7760343,79.8608464 C71.1570071,79.7258059 70.5483546,79.5596023 69.9397022,79.3899361 L69.4866711,79.251433 L69.2584264,79.1821815 L69.03364,79.1094674 L68.5840671,78.9571141 L68.1275778,78.8082233 C67.6226729,78.6281694 67.1281427,78.42734 66.6370709,78.2057352 C65.9961414,77.921804 65.3713504,77.6078638 64.7626979,77.2639146 L64.6831581,77.2189011 C63.5831001,76.5919171 62.5555383,75.8452488 61.6191462,74.9924649 C61.1536539,74.568612 60.7158585,74.1152338 60.3084685,73.6351352 L60.0110587,73.2681022 C59.9073112,73.1503746 59.8208548,73.0187967 59.727482,72.894144 C59.5338199,72.6483011 59.3816567,72.3816828 59.1949111,72.1254522 C58.5340259,71.0815396 58.0087485,69.9575303 57.6317809,68.7806041 C58.1775159,69.8568474 58.858559,70.8587435 59.658317,71.7618818 C59.8623539,71.980024 60.0594743,72.2016289 60.2773442,72.4024583 C60.38455,72.5063355 60.4848393,72.6136754 60.5955034,72.7071649 L60.9413287,73.0014839 C61.386551,73.3776088 61.8555416,73.7245867 62.3453793,74.0402566 C63.2925974,74.6557894 64.3037109,75.1666221 65.3609756,75.5637899 L65.4439737,75.5949531 C65.9696281,75.7888573 66.5033518,75.9608319 67.0451447,76.1108769 C67.5869376,76.2609218 68.163313,76.3936539 68.774271,76.5090731 L69.1961778,76.5887123 L69.6250012,76.6545012 L69.8359546,76.689127 L70.0503663,76.7168276 L70.4791896,76.7722288 C71.0532595,76.8345552 71.620413,76.893419 72.2083159,76.9211196 C73.3600195,76.9858735 74.5142759,76.991652 75.6665686,76.9384325 C76.1265162,76.9141944 76.5830056,76.8830312 77.0498697,76.8484055 C78.2187591,76.7514534 79.3876485,76.6094878 80.5530796,76.4294338 L79.093697,77.6967365 C79.7680563,77.5928593 80.4389573,77.4785943 81.1133166,77.350479 C81.4476143,77.2927694 81.7830648,77.2269804 82.1196681,77.1531121 Z" id="Path"></path>
                    <path d="M74.9956676,104.95067 C74.9299608,104.839868 74.8607957,104.729065 74.7847142,104.604412 C74.2617734,103.866682 73.6457018,103.199795 72.9518403,102.620357 C72.5818072,102.3018 72.1841082,101.990168 71.7691178,101.688924 C71.3541275,101.38768 70.8492226,101.069123 70.3650673,100.750566 C68.8918516,99.7948948 67.3702204,98.8565367 65.8347562,97.9043284 L67.74717,97.7519751 L66.1667485,96.7755287 C64.2335853,95.574015 62.286589,94.3517257 60.3810918,93.0117089 L60.7027093,92.5996624 C61.5949385,91.4500873 62.4595016,90.2728115 63.2756493,89.0539849 C65.0843154,89.8988534 66.9344806,90.6848581 68.8088535,91.4777879 C70.6002284,92.2187791 72.4123528,92.9528451 74.2417685,93.7319247 C74.1241879,94.1959098 74.0066073,94.6633576 73.8959432,95.1342679 C73.7506966,95.7540689 73.5985335,96.3253939 73.4567451,97.0525348 C73.3149568,97.7796757 73.207751,98.4375651 73.1282111,99.1785563 C73.0832539,99.5836776 73.0486713,99.9957242 73.0244636,100.411233 L74.3005588,98.9534889 C74.231918,100.080968 74.2689681,101.212407 74.4112229,102.332963 C74.5203439,103.18947 74.7066976,104.034325 74.9680016,104.85718 C74.9783763,104.888344 74.9852928,104.916044 74.9956676,104.95067 Z" id="Path"></path>
                    <path d="M62.3177133,88.6142378 C62.6358725,88.7700537 62.9540318,88.9189444 63.2756493,89.0678352 C62.4595016,90.2866618 61.5949385,91.4639376 60.7027093,92.6135127 L60.3810918,93.0255592 L59.9522684,92.7243152 C58.769546,91.8898344 57.6075731,91.0138027 56.4767245,90.089295 C55.7262837,89.4764191 54.9896758,88.8427678 54.2738175,88.1814158 L56.1862313,88.0290625 L55.9787361,87.8351582 C55.0508957,86.9678743 54.1678915,86.0537182 53.3331728,85.0962608 C52.911266,84.6184254 52.5135669,84.1198145 52.1193261,83.6212036 L51.8322911,83.2368577 L51.6905028,83.046416 L51.5521727,82.8525118 L51.2755125,82.4612407 L51.0057688,82.0630445 C50.7049008,81.6163722 50.4213241,81.1558497 50.1515803,80.6780142 C49.8057551,80.0651383 49.4599298,79.4349495 49.1798113,78.794373 C49.165712,78.767346 49.1530149,78.7396085 49.1417706,78.7112712 C48.6144132,77.5474688 48.2155046,76.3295088 47.9521316,75.0790293 C47.8203294,74.4587851 47.727924,73.8308 47.6754714,73.1988507 L47.6478054,72.7279404 C47.6478054,72.5686619 47.6478054,72.4093834 47.6478054,72.2535675 C47.6478054,71.9419357 47.6478054,71.6268413 47.6478054,71.3152095 C47.7185081,70.0785448 47.9450913,68.8557928 48.3221647,67.6760424 C48.1398837,68.8747555 48.1108312,70.0918331 48.2357084,71.2978966 C48.2737491,71.5956781 48.3048734,71.8934596 48.3636637,72.184316 C48.3913297,72.3332067 48.408621,72.4786349 48.4466618,72.6240631 L48.5434928,73.0568851 C48.685422,73.6296311 48.863299,74.1928412 49.0760638,74.7431594 C49.4866728,75.8062811 50.0083055,76.8229954 50.6322775,77.7763758 C50.6495687,77.7971512 50.6634017,77.8248518 50.680693,77.8456273 C50.9965467,78.3211544 51.328539,78.7828311 51.6766698,79.2306576 C52.0248005,79.678484 52.4132776,80.1286189 52.8421009,80.5810621 L53.1395107,80.8996191 L53.6029165,81.3705294 L53.7619961,81.5228827 L54.0732389,81.8241268 C54.5020622,82.2153978 54.9308855,82.6032063 55.3804584,82.9702394 C56.2674563,83.7085449 57.1908126,84.4019279 58.1470605,85.0477848 C58.5309266,85.3040154 58.9217091,85.5533208 59.3124917,85.7957011 C60.315385,86.414348 61.3413333,86.9983691 62.3903366,87.5477645 L60.4744646,87.7001178 C61.0900336,88.0048244 61.7021443,88.3164563 62.3177133,88.6142378 Z" id="Path"></path>
                    <path d="M47.3088966,97.7796757 C46.9457801,98.0843824 46.5792053,98.3960142 46.2160888,98.707646 C45.7388499,99.1231551 45.2858188,99.4936507 44.7497897,99.9957242 C44.2137605,100.497798 43.7365216,100.982558 43.2523663,101.519257 C42.9826225,101.820502 42.7163371,102.132133 42.4535099,102.457615 L44.3313411,102.038644 C43.6227959,102.910672 42.997568,103.847368 42.4638846,104.836405 C42.0582088,105.596925 41.7202971,106.391779 41.4540749,107.211732 L41.4229506,107.308684 C41.4229506,107.180569 41.4402418,107.045528 41.4437001,106.910488 C41.4424355,106.000372 41.3262388,105.094068 41.0978748,104.213141 C40.9802942,103.731843 40.8419641,103.24362 40.675968,102.751934 C40.5099719,102.260249 40.292102,101.713162 40.0846068,101.155687 C39.4482883,99.5005758 38.760096,97.8350769 38.0684455,96.1488025 L39.704199,97.1667998 L38.9883407,95.4355119 C38.1237775,93.3094904 37.2592144,91.1488432 36.488024,88.9362573 L36.9894706,88.7977543 C38.3727717,88.3995581 39.7560728,87.9632735 41.1220826,87.4646626 C42.0938516,89.2271137 43.1347857,90.9687893 44.206844,92.7208526 C45.2374033,94.3828889 46.2817956,96.0587756 47.3088966,97.7796757 Z" id="Path"></path>
                    <path d="M41.1532069,87.4612001 C39.7699058,87.9494232 38.3866047,88.3960955 37.0033037,88.7942917 L36.501857,88.9327947 L36.3289444,88.4341838 C35.858622,87.0491535 35.4228822,85.6641233 35.0424744,84.2340795 C34.7900219,83.2887963 34.5617773,82.3331254 34.3508239,81.3705294 L35.9900356,82.3885266 C35.9692861,82.2950371 35.9519948,82.2015475 35.9312453,82.108058 C35.6891676,80.8546056 35.4955055,79.5873029 35.3779249,78.2992247 C35.3122181,77.6621108 35.2776356,77.0215343 35.2499696,76.3809578 L35.2499696,75.8996597 L35.2499696,74.9405263 L35.2499696,74.4592282 C35.2499696,73.9190664 35.3018433,73.375442 35.3537171,72.8352802 C35.4228822,72.1427651 35.5266298,71.4260119 35.6580434,70.7300342 L35.6580434,70.6400072 C35.9063597,69.387498 36.2877848,68.1651796 36.7958085,66.993915 C37.0504716,66.4145965 37.3403555,65.8514494 37.6638299,65.3076406 L37.9128241,64.9059818 C37.9923639,64.774404 38.089195,64.6462887 38.1756513,64.5181734 C38.348564,64.2584802 38.5456844,64.0126373 38.73243,63.7667944 C39.5035646,62.8087611 40.3951062,61.9545113 41.3849098,61.2252638 C40.5414895,62.0869848 39.8126928,63.0541094 39.2165854,64.1026643 C39.074797,64.36582 38.9295504,64.6255132 38.8050533,64.8955941 C38.746263,65.0340971 38.677098,65.1622124 38.6217659,65.3007155 L38.4488533,65.712762 C38.2310244,66.2602647 38.0485147,66.8212006 37.9024494,67.3921112 C37.6192797,68.4992129 37.4535195,69.6331303 37.4079192,70.7750477 C37.4079192,70.8027483 37.4079192,70.8304489 37.4079192,70.8616121 C37.390628,71.4294745 37.390628,72.0007995 37.4079192,72.5686619 C37.4252105,73.1365243 37.487459,73.7597879 37.5669988,74.355351 L37.6257891,74.7881729 L37.6949542,75.2209949 L37.7295367,75.4356746 L37.7675775,75.6503543 L37.8471173,76.0797137 C37.9646979,76.6545012 38.089195,77.2223637 38.2413581,77.7867635 C38.5296609,78.9176537 38.8759449,80.0329261 39.2788339,81.1281491 C39.4413718,81.5644336 39.6246592,81.9972556 39.7871971,82.4300775 C40.2402282,83.5311766 40.7347583,84.6115002 41.2604127,85.6848987 L39.6246592,84.6669015 C39.9289854,85.2832399 40.2436864,85.8995784 40.5722204,86.5089917 C40.8073816,86.8379364 40.963003,87.1495682 41.1532069,87.4612001 Z" id="Path"></path>
                    <path d="M24.1524367,72.9495452 C23.9207338,74.9543766 23.7547376,76.9869085 23.6060328,79.0402159 C23.4642444,80.9965712 23.3397473,82.9737019 23.1737512,84.9819958 C22.7034288,85.0096965 22.2296482,85.0408596 21.7524093,85.078948 C21.1264656,85.127424 20.5454792,85.1585872 19.8227044,85.2451516 C19.0999295,85.331716 18.4394033,85.4390558 17.7270032,85.5914092 C17.3362207,85.674511 16.9385216,85.7680005 16.5408226,85.8753404 L18.3010732,86.6544199 C17.2294388,86.9391139 16.187272,87.3251977 15.1886458,87.8074576 C14.4172441,88.1764762 13.6820395,88.616991 12.9926553,89.1232364 L12.9165738,89.1821002 L13.1621097,88.873931 C13.6925227,88.1380595 14.1271498,87.337532 14.4554962,86.4916789 C14.6387836,86.0346189 14.8013215,85.5533208 14.9604011,85.0616351 C15.1194807,84.5699493 15.2543526,83.9813115 15.4065157,83.413449 C15.8457138,81.6821612 16.2537876,79.9508733 16.6687779,78.1607217 L17.4019275,79.9612611 C17.5471741,79.3518477 17.6901152,78.7412802 17.8307508,78.1295585 C18.3598635,75.8927346 18.9166422,73.6282101 19.5598771,71.3775359 C19.7189568,71.4433248 19.8814946,71.5021886 20.0440325,71.5645149 C21.3892928,72.0631258 22.7622191,72.5340361 24.1524367,72.9495452 Z" id="Path"></path>
                    <path d="M39.5589524,51.9005474 C38.3785639,52.0961871 37.2287626,52.4454001 36.1387405,52.9393202 C35.872455,53.0674355 35.6061696,53.1886256 35.3468006,53.3375164 C35.2188453,53.4102304 35.0874317,53.4725568 34.9629346,53.5521961 L34.5894433,53.7807261 C34.0955592,54.0969177 33.6219989,54.4438583 33.1715597,54.8194988 C32.3024571,55.5487345 31.5130217,56.3681738 30.8164896,57.2640772 C30.7957401,57.2848527 30.7784488,57.3090907 30.7611576,57.3298662 C30.4153323,57.780001 30.0902566,58.2439862 29.7824721,58.7148964 C29.4746876,59.1858067 29.1565283,59.7294311 28.8764099,60.2557426 L28.672373,60.6400885 L28.4787108,61.0313596 L28.3818797,61.2252638 L28.2885069,61.4226307 L28.1052195,61.8208269 C27.8666001,62.3540635 27.6383554,62.8873002 27.4343185,63.4343872 C27.0165536,64.5253494 26.6552627,65.6371587 26.3518854,66.765385 C26.2308466,67.2155198 26.1167242,67.6691173 26.0060601,68.1227147 C25.7328582,69.2826775 25.5080718,70.4530281 25.3144096,71.6337665 L24.58126,69.8332271 C24.470596,70.5257422 24.3691539,71.2113322 24.2769338,71.8899971 C24.2319765,72.2362546 24.1904775,72.5998251 24.1489785,72.9564704 C22.7656774,72.5409613 21.3823763,72.070051 20.0336578,71.5714401 C19.8711199,71.5091137 19.708582,71.4502499 19.5495024,71.384461 L19.694749,70.8823875 C20.1166558,69.4973572 20.5766034,68.0880889 21.0780501,66.7272967 C21.4238753,65.8097141 21.7904501,64.9025193 22.1881492,64.0057121 L22.9351318,65.7889386 L23.0527124,65.5257829 C23.5771905,64.3629785 24.1612594,63.2280524 24.8025882,62.1255335 C25.1172892,61.5715214 25.4596562,61.0313596 25.8089397,60.4981229 L26.0786834,60.1033893 L26.2135553,59.9060225 L26.3518854,59.7121183 L26.6320039,59.3243098 L26.9224971,58.9434264 C27.2475729,58.5140671 27.5933981,58.0962496 27.9599729,57.689974 C28.4233788,57.1602 28.9144506,56.6512013 29.426272,56.1699033 L29.4919788,56.1075769 C30.4166062,55.2412596 31.433698,54.4795192 32.5248664,53.8361273 C33.0633786,53.5174877 33.6225558,53.235236 34.1986607,52.9912588 L34.6344006,52.8146674 C34.7761889,52.7558036 34.9283521,52.7107902 35.0735987,52.6553889 C35.3640919,52.5480491 35.6615016,52.4684099 35.9589114,52.3818455 C37.1326623,52.0640849 38.3430544,51.9022647 39.5589524,51.9005474 Z" id="Path"></path>
                    <path d="M18.8163528,51.0695293 C17.4676343,52.5549742 16.1569565,54.099283 14.8462787,55.674755 C13.6013078,57.1705877 12.3528786,58.694121 11.0422008,60.2211169 L9.83527062,59.4524251 C9.29924145,59.1061675 8.79779481,58.7979983 8.17530933,58.4344278 C7.55282385,58.0708574 6.94071313,57.7626881 6.28364512,57.461444 C5.93781985,57.2917778 5.54357904,57.1151865 5.159713,56.980146 L6.131482,58.6594952 C5.09725686,58.246864 4.02612385,57.9338181 2.93259827,57.7245998 C2.0969249,57.5655707 1.24832956,57.4844303 0.397699058,57.4822195 L0.29740973,57.4822195 L0.677817525,57.3783422 C1.53171881,57.1003357 2.34556829,56.7115278 3.0985944,56.2218419 C3.51358472,55.9621488 3.92511679,55.674755 4.33664886,55.3665857 C4.74818093,55.0584165 5.19775378,54.6740706 5.64732662,54.303575 C6.99950342,53.1713127 8.34822197,51.994037 9.71423177,50.8063735 L9.26465893,52.7004024 L10.6721678,51.4746506 C12.4012941,49.9822805 14.1546282,48.4829852 15.9840439,47.0494789 L16.2710789,47.489226 C17.0906847,48.70459 17.9275819,49.9061038 18.8163528,51.0695293 Z" id="Path"></path>
                    <path d="M43.4633197,43.237183 C42.3984465,42.6915419 41.2673839,42.2865041 40.0984398,42.0322066 C39.8079466,41.9768054 39.5209116,41.9179416 39.2269601,41.8833159 C39.0817135,41.866003 38.9399252,41.8383024 38.7912203,41.8279147 L38.3554805,41.7898263 C37.7797123,41.7523617 37.2021223,41.7523617 36.6263541,41.7898263 C35.5024542,41.8583019 34.3892958,42.0487041 33.3064315,42.3576888 L33.2234335,42.3819268 C32.6839461,42.5412053 32.1513752,42.7281844 31.629179,42.918626 C31.1069828,43.1090677 30.5329129,43.3652983 30.0038002,43.6111412 L29.6164759,43.8015828 L29.2326099,44.0024122 L29.0389477,44.1028269 L28.8487438,44.2067042 L28.4717943,44.4179213 C27.9703477,44.7053151 27.4758175,45.0030966 26.9951204,45.3216536 C26.0263602,45.9572108 25.0902863,46.6413643 24.1904775,47.3714984 C23.8446522,47.6623548 23.4780774,47.9601363 23.1287939,48.2648429 C22.240023,49.0404599 21.3754598,49.8541652 20.5351044,50.6886459 L20.9846773,48.794617 L20.9846773,48.794617 C20.5005219,49.2793776 20.0198248,49.7745259 19.5495024,50.280062 C19.3074247,50.5362926 19.0688053,50.7994484 18.8301858,51.0626041 C17.9414149,49.8991787 17.1010595,48.6976649 16.3056614,47.4823008 L16.0186264,47.0425537 L16.4301585,46.7239967 C17.5817566,45.8410399 18.7575625,44.9927089 19.9714092,44.1824662 C20.7806403,43.6457669 21.6037045,43.1436934 22.4440599,42.6450825 L21.994487,44.5391115 L22.240023,44.3971459 C23.3370633,43.7697491 24.4659814,43.1999614 25.6221941,42.690096 C26.1997223,42.4304028 26.7910835,42.1984103 27.3789865,41.9733429 L27.8251011,41.8175269 L28.0498875,41.7378877 L28.2746739,41.661711 L28.727705,41.5162829 L29.1807361,41.3812424 C29.6925575,41.2288891 30.2182119,41.0938486 30.7334916,40.9795836 C31.4251421,40.8272303 32.1167926,40.7118111 32.8084432,40.6333261 L32.8948995,40.6333261 C34.1467049,40.4868097 35.4108133,40.4786814 36.6643949,40.609088 C37.2861419,40.6738757 37.9030159,40.7791298 38.5111018,40.9241824 L38.9641329,41.04191 C39.1128378,41.0765357 39.2615427,41.131937 39.4102475,41.1734879 C39.7076573,41.2600523 39.9946922,41.3743173 40.2851855,41.4816571 C41.4165335,41.9254707 42.4849888,42.5156601 43.4633197,43.237183 Z" id="Path"></path>
                    <path d="M27.1922408,25.7823388 C27.1334505,27.2435457 27.1196175,28.7151404 27.1611165,30.1867351 C25.210662,30.5814687 23.2567493,31.0489165 21.282087,31.5406022 C19.407714,32.0080499 17.5160498,32.4997357 15.5863448,32.9602583 C15.4134322,32.513586 15.2405196,32.0669137 15.0572322,31.6167789 C14.8151545,31.028141 14.6076593,30.4741289 14.2998748,29.8058518 C13.9920903,29.1375747 13.6912224,28.5212362 13.3350223,27.8875848 C13.1379019,27.5413273 12.9304068,27.1777568 12.7056203,26.8280367 L12.5188747,28.7670791 C11.9216883,27.8158778 11.2362239,26.9231965 10.4715891,26.1008958 C9.88821623,25.4741246 9.24928166,24.9016097 8.56263363,24.3903834 L8.48309382,24.3315196 C8.59721616,24.3834582 8.718255,24.4284717 8.84621035,24.4734852 C9.69740443,24.7583927 10.5821429,24.9306726 11.4779406,24.9859464 C11.962096,25.0240347 12.4635427,25.037885 12.975364,25.0309599 C13.4871854,25.0240347 14.0750884,24.9824838 14.6526166,24.9547832 C16.3990342,24.8474434 18.1731178,24.6985526 19.967951,24.5531244 L18.5051101,25.8169646 L20.351817,25.6646112 C22.610056,25.4845573 24.9028775,25.3183536 27.2129903,25.2560273 C27.2060738,25.4326186 27.1991573,25.6230603 27.1922408,25.7823388 Z" id="Path"></path>
                    <path d="M51.638629,38.5592432 C51.092894,37.4829999 50.4118508,36.4811037 49.6120929,35.5779655 C49.408056,35.3598232 49.2109356,35.1382184 48.9930657,34.937389 C48.8858599,34.8335117 48.7855705,34.7261719 48.6749065,34.6326823 L48.3290812,34.3383634 C47.8829442,33.9633993 47.4140287,33.6164769 46.9250306,33.2995907 C45.9769504,32.6864968 44.9659794,32.176897 43.9094343,31.7795199 L43.8264362,31.7483568 C43.3007818,31.5544525 42.7647526,31.3813237 42.2252652,31.232433 C41.6857778,31.0835422 41.0840418,30.9415766 40.4961389,30.8342368 L40.074232,30.7545975 L39.6454087,30.6888086 L39.4344553,30.6541828 L39.2200436,30.6264822 L38.7912203,30.571081 C38.2206086,30.5052921 37.6499969,30.4498909 37.062094,30.4221903 C35.9100958,30.3632043 34.7558395,30.3632043 33.6038413,30.4221903 C33.1438937,30.4464283 32.6874043,30.4741289 32.2205402,30.5122172 C31.0516508,30.6091693 29.8827614,30.751135 28.7173302,30.9311889 L30.1767129,29.6638862 C29.5058119,29.7677634 28.8326053,29.8831826 28.1570933,30.0101437 C27.811268,30.0747785 27.4654428,30.14403 27.1196175,30.2178983 C27.0781185,28.7463036 27.0919515,27.2747089 27.1507418,25.813502 C27.1507418,25.6403732 27.1507418,25.4672444 27.1749495,25.2871905 L27.6936874,25.2871905 C29.1323206,25.2594899 30.5813284,25.2871905 32.0268781,25.3460543 C32.9917306,25.3945303 33.9565831,25.4672444 34.9179773,25.5780468 L33.4585947,26.841887 L33.7387131,26.8730501 C34.9903181,27.0213183 36.2334744,27.2339707 37.4632513,27.5101641 C38.0822785,27.6452045 38.690931,27.8079456 39.2995834,27.9810744 L39.7526145,28.1195774 L39.9808592,28.1888289 L40.2056456,28.261543 L40.6552185,28.4138963 L41.1013331,28.5731748 C41.601627,28.7578455 42.0984626,28.9586749 42.59184,29.175663 C43.2327695,29.464211 43.8587132,29.7793054 44.4696712,30.1209462 L44.5457528,30.1659597 C45.6458108,30.7929436 46.6733726,31.539612 47.6097646,32.3923958 C48.0752569,32.8162487 48.5130524,33.269627 48.9204424,33.7497255 L49.2178521,34.0959831 C49.3215997,34.2171732 49.408056,34.3487511 49.5014288,34.4734038 C49.695091,34.7192467 49.8472541,34.9858651 50.0339998,35.2420957 C50.7072199,36.2751973 51.2464257,37.389863 51.638629,38.5592432 L51.638629,38.5592432 Z" id="Path"></path>
                    <path d="M48.9031511,14.314288 L48.5780754,14.7263345 C47.6858462,15.8759097 46.821283,17.0531854 46.0051354,18.2685495 C44.1964692,17.4271436 42.346304,16.6376763 40.4719311,15.8447465 C38.6805562,15.1037553 36.8684318,14.3696892 35.0390161,13.5906097 C35.1565967,13.1266245 35.2741773,12.6591768 35.3848414,12.2055794 C35.530088,11.5857784 35.6822511,11.0144534 35.8240395,10.2873125 C35.9658279,9.56017156 36.0730337,8.90228217 36.1698648,8.16129097 C36.214822,7.75616961 36.2494046,7.3441231 36.2736123,6.92861401 L34.9975171,8.38635839 C35.0662188,7.25888016 35.0291686,6.12743546 34.886853,5.00688449 C34.777732,4.15037736 34.5913783,3.30552224 34.3300743,2.48266679 L34.2989501,2.38917725 C34.3646569,2.49651709 34.4372802,2.61078209 34.5133617,2.73543482 C35.0371979,3.47243684 35.6531689,4.13921531 36.3462357,4.7194907 C36.7162687,5.03804767 37.1139677,5.34967948 37.5289581,5.65092357 C37.9439484,5.95216766 38.4488533,6.26726205 38.9330087,6.58928159 C40.4062243,7.54495249 41.9278555,8.48331051 43.4633197,9.43551883 L41.5509059,9.58440959 L43.1313274,10.5643185 C45.0471994,11.751982 46.9941956,12.9881215 48.9031511,14.314288 Z" id="Path"></path>
                    <path d="M61.6329792,36.0107875 C61.5622765,37.2474521 61.3356933,38.4702042 60.95862,39.6499545 C61.1409009,38.4512415 61.1699535,37.2341639 61.0450763,36.0281003 C61.0070355,35.7303188 60.9759112,35.4325373 60.9171209,35.1382184 C60.8894549,34.9927902 60.8721636,34.847362 60.8341229,34.7019338 L60.7372918,34.2691119 C60.5953626,33.6963659 60.4174857,33.1331558 60.2047209,32.5828375 C59.795521,31.5190834 59.2738134,30.502223 58.6485072,29.5496212 L58.6000916,29.4769071 C58.2842379,29.0152303 57.9522456,28.5535536 57.6041149,28.0918768 C57.2559841,27.6302 56.867507,27.178911 56.4386837,26.7380097 L56.141274,26.4229153 L55.8369477,26.1147461 L55.6778681,25.9693179 L55.5187885,25.8169646 L55.2075458,25.5157205 C54.7787224,25.1244494 54.3498991,24.7366409 53.9003262,24.3696079 C53.0133283,23.6313023 52.089972,22.9379194 51.1337241,22.2920625 C50.7498581,22.0358319 50.3590755,21.7865264 49.968293,21.5441461 C48.9653997,20.9243451 47.9417569,20.3426323 46.8939063,19.7886202 L48.8063201,19.6397295 L48.8063201,19.6397295 C48.2011258,19.3246351 47.5890151,19.0130033 46.9734461,18.7152218 C46.6552869,18.5594058 46.3371276,18.4105151 46.0155101,18.2581618 C46.8316578,17.0427977 47.6962209,15.8655219 48.5884501,14.7159468 L48.9135259,14.3039003 L49.338891,14.6051444 C50.5216134,15.4396251 51.6835863,16.3156568 52.8144349,17.2367019 C53.5648757,17.8530404 54.3014836,18.4866918 55.0173419,19.1480437 L53.1049281,19.3003971 L53.3124233,19.4943013 C54.2402637,20.3615853 55.1232679,21.2757413 55.9579866,22.2331987 C56.3798934,22.7110341 56.7775925,23.209645 57.1718333,23.7082559 L57.4588683,24.0926018 L57.6006566,24.2830435 L57.7389867,24.4769478 L58.0156469,24.8682188 L58.2853906,25.266415 C58.5874114,25.7142415 58.8721408,26.1759182 59.1395791,26.6514453 C59.4854043,27.2643212 59.8312296,27.89451 60.1113481,28.5350865 C60.1254474,28.5621136 60.1381445,28.589851 60.1493888,28.6181883 C60.6762266,29.7809937 61.0751209,30.9977489 61.3390278,32.2469677 C61.4705844,32.8684221 61.5629868,33.4975435 61.615688,34.1306089 L61.643354,34.6015191 C61.643354,34.7607976 61.643354,34.9166135 61.643354,35.075892 C61.657187,35.3875238 61.6398957,35.7026182 61.6329792,36.0107875 Z" id="Path"></path>
                </g>
                <path d="M76.4360611,5.68945111 C76.4360611,5.80470702 76.4360611,5.91996294 76.4149077,6.03871146 C76.3840081,6.50779559 76.3227727,6.97443374 76.2315785,7.43575286 C76.1403484,7.89148171 76.0226338,8.34161237 75.8790225,8.78389781 L75.8472924,8.88169071 C75.5758887,9.70875485 75.2314001,10.5105014 74.8178286,11.2776167 C74.2737582,12.2752311 73.6363614,13.2200499 72.9140258,14.0996403 L74.8284053,13.6770353 C74.5604627,14.0053401 74.2889945,14.3196744 74.0140007,14.6235309 C73.5204222,15.1648844 73.0092159,15.6713119 72.4874329,16.1602764 C71.9656499,16.6492409 71.4791225,17.0404125 70.9925951,17.4595249 C70.6224112,17.7738592 70.2487017,18.0881935 69.8785178,18.3955427 C68.3166944,19.687806 66.761922,20.9346654 65.2318286,22.1815249 C63.6241728,23.4912512 62.0588238,24.7974849 60.5322559,26.1491224 L59.7284281,26.8720914 C59.2136962,27.3377718 58.7071906,27.8174227 58.2089113,28.311044 L58.2089113,28.311044 L60.1197653,27.888439 C59.2595285,28.7289922 58.4298465,29.5974863 57.6307193,30.4939212 C57.3157692,30.8455099 57.0090454,31.2017555 56.710548,31.5626579 C55.9574534,32.4695051 55.2514283,33.413729 54.5952114,34.3916667 C54.2638087,34.8806312 53.9606105,35.3800735 53.6574122,35.886501 L53.4388275,36.2706874 L53.3295351,36.4627806 L53.2237682,36.6548738 L53.0157601,37.0460454 L52.8183287,37.437217 C52.5468606,37.9750779 52.3000713,38.5269093 52.077961,39.0857258 C51.8558506,39.6445424 51.6725215,40.1614477 51.5032945,40.7097864 C51.493449,40.7372342 51.485209,40.7652215 51.4786156,40.7936089 C51.1458897,41.8974279 50.9319902,43.0330241 50.8404891,44.1814343 C50.7922672,44.7751171 50.7828461,45.3712675 50.8122846,45.9661547 L50.8440146,46.413208 C50.8440146,46.5668825 50.8757447,46.7135719 50.8898469,46.8637538 C50.9180514,47.1641177 50.9744604,47.4574964 51.0238183,47.7578603 C51.2511399,48.9587695 51.6338834,50.1256135 52.1625744,51.2295082 C51.4500589,50.201655 50.8730686,49.0878046 50.4456263,47.9150275 C50.3469106,47.6181562 50.2376182,47.3177923 50.1565303,47.0139358 C50.1177491,46.8602612 50.0648657,46.7065867 50.0331356,46.5529121 L49.9238433,46.0883958 C49.7921481,45.4624358 49.6991354,44.8290974 49.6453239,44.1919121 C49.5408276,42.9112541 49.5762889,41.6231603 49.7510908,40.3500483 L49.7510908,40.2592406 C49.8545072,39.5607199 49.9884785,38.8621992 50.1530047,38.1636785 C50.2763993,37.6328028 50.4244729,37.1158974 50.5866487,36.5815291 L50.7311967,36.1205054 L50.8898469,35.6594818 L50.9674093,35.4324625 L51.0520227,35.2054433 L51.2212497,34.7514049 C51.4574622,34.1506771 51.7042515,33.5499493 51.9757197,32.9666845 C52.5110777,31.792983 53.1064952,30.6470858 53.7596535,29.5334552 C53.8090113,29.4531253 53.8548436,29.3693029 53.9077271,29.2854804 L51.9933475,29.7080854 C52.5010283,28.8582186 53.033388,28.0246505 53.5904266,27.2073813 C54.4224589,25.9814775 55.3038492,24.7939923 56.2134439,23.6344479 L56.5448466,23.2188281 C58.0396844,21.325837 59.5944568,19.5585796 61.1139735,17.8122779 L62.3725987,16.4152365 L60.4617447,16.8378415 C61.6851144,15.4652483 62.8943817,14.1066256 64.0542913,12.7445102 C64.4350518,12.2939643 64.8545936,11.8119851 65.1507407,11.4208135 C65.4468878,11.0296419 65.7677139,10.5895738 66.0356565,10.173954 C66.5407192,9.41251802 66.9470031,8.59111825 67.2449239,7.72913155 C67.2872306,7.59641262 67.3260118,7.46718629 67.3577418,7.34145257 C67.4148738,7.11756578 67.4561063,6.88998968 67.4811364,6.66039488 C67.5106318,6.42847136 67.5106318,6.19379771 67.4811364,5.96187418 L67.4811364,5.96187418 C67.4811364,5.92345554 67.4811364,5.88852951 67.4811364,5.85011087 C67.4423394,5.65352214 67.3708557,5.46468104 67.2696028,5.29129431 C67.1702536,5.12048473 67.0520057,4.96117089 66.9170467,4.81630023 L67.8689481,4.26796148 L72.7377477,1.3970414 L75.1809614,0 C75.6561588,0.92777354 76.0035864,1.91450063 76.2139507,2.93378694 C76.4008669,3.83997094 76.475455,4.76536565 76.4360611,5.68945111 L76.4360611,5.68945111 Z" id="Path"></path>
                <path d="M48.553719,59.4262295 C47.3566028,59.0166973 46.2202151,58.4533046 45.174301,57.7507982 C44.9126918,57.5681516 44.6474989,57.3995548 44.4002244,57.1888087 C44.2747953,57.0904605 44.1421988,56.9956248 44.0418556,56.8902518 L43.6834867,56.5741327 C43.2011722,56.1441141 42.7475013,55.6842115 42.3252689,55.1972583 C41.471802,54.2133103 40.731489,53.1402329 40.117717,51.9974305 C40.1005407,51.970812 40.0861337,51.942571 40.0747127,51.913132 C39.7354569,51.2785522 39.4260652,50.6287518 39.1465375,49.9637309 C38.9350999,49.4544279 38.737997,48.9381 38.5623963,48.4147472 L38.4082977,47.9546183 L38.2649502,47.4874645 L38.1932764,47.2521314 L38.1072679,47.0238232 L37.9746714,46.5531569 C37.8134055,45.9244311 37.6557232,45.2921929 37.5338778,44.6529298 C37.2761933,43.3753719 37.0848172,42.0858212 36.9604877,40.7892518 C36.9604877,40.6909037 36.9425692,40.5960679 36.9354019,40.4977198 L35.5986862,41.986992 C35.5102885,40.9918022 35.451755,39.9989541 35.4230855,39.0084475 C35.3800812,37.5156629 35.3944159,36.0228782 35.4553386,34.5406308 C35.4553386,34.3650091 35.4553386,34.1893873 35.4804245,34.0067408 C35.5951025,31.6288226 35.8065401,29.271979 36.0394798,26.9502598 L36.232999,25.0535451 L34.910618,26.5322801 C35.1005535,24.6882519 35.2689869,22.8652984 35.4338365,21.0669319 C35.4768408,20.4733305 35.5341798,19.8340674 35.5485145,19.3388141 C35.5628493,18.8435608 35.5485145,18.2850838 35.5485145,17.7968554 C35.5107863,16.8750203 35.354251,15.9615637 35.0826351,15.078231 C35.0396308,14.9482709 34.9930429,14.8183109 34.9428712,14.6988881 L34.9428712,14.6988881 C34.8582139,14.4824364 34.7576052,14.2723068 34.6418414,14.0701623 C34.5240085,13.8630097 34.3807946,13.670743 34.2153825,13.4976355 L34.2153825,13.4976355 C34.1902967,13.469536 34.1616272,13.444949 34.1365414,13.4203619 C33.9878451,13.2828172 33.8171481,13.1700953 33.6312414,13.0866806 C33.4475973,13.0076332 33.2551644,12.9498724 33.0578512,12.9145713 L33.5022286,11.8994778 L35.8495443,6.69756221 L37.0214104,4.09836066 C38.8134167,4.99397952 40.3354283,6.33316404 41.4365142,7.98311326 C41.5010206,8.07794899 41.5619433,8.17629716 41.622866,8.27464532 C41.8712672,8.67205935 42.0950545,9.08375759 42.2930157,9.50750985 L42.2930157,9.50750985 C42.4918618,9.92923982 42.6653697,10.3620083 42.8126505,10.8035982 L42.8126505,10.8035982 L42.8449037,10.8984339 C43.1156855,11.733138 43.3087985,12.5901584 43.4218775,13.4589987 C43.5693551,14.5956849 43.6077492,15.7434216 43.5365555,16.8871348 L44.8589365,15.4119123 C44.8338507,15.8334044 44.7980138,16.2513842 44.7514258,16.662339 C44.669001,17.3999503 44.5507393,18.1164869 44.393057,18.8189738 C44.2353747,19.5214607 44.0884435,20.1361368 43.9379286,20.7648625 C43.8196669,21.2425536 43.6978215,21.7167323 43.5795598,22.1698364 C43.0670924,24.1508494 42.5295391,26.0862009 42.013488,28.0075026 C41.4687674,30.0306649 40.9383816,32.0292401 40.5047553,34.0313278 C40.4259142,34.3825712 40.3506567,34.7338147 40.2753993,35.0850582 C40.1356354,35.7875451 40.003039,36.4654449 39.8847773,37.1573945 L41.2035745,35.682172 C40.9993043,36.8763998 40.8272873,38.0776524 40.7054419,39.278905 C40.6588539,39.7530837 40.6194333,40.2237499 40.5871801,40.6838788 C40.5071429,41.8670432 40.4880056,43.0534097 40.5298411,44.2384626 C40.5298411,44.832064 40.5943475,45.422153 40.6445192,45.9946798 L40.6946908,46.4372466 L40.7161929,46.65853 L40.7484461,46.8763009 L40.8057851,47.3188677 L40.8774589,47.7544095 C40.975413,48.353865 41.0948693,48.9486373 41.2358277,49.5387263 L41.2358277,49.5387263 C41.3767861,50.0983742 41.5404412,50.652168 41.726793,51.2001078 L41.7590462,51.2808938 C42.1376875,52.3760314 42.6363442,53.42771 43.2462768,54.4174979 C43.5617198,54.9281132 43.9100434,55.4185062 44.2891301,55.8856955 L44.5794088,56.2369389 C44.6761684,56.3528493 44.783679,56.4582223 44.8840223,56.5881824 C45.0847088,56.8129782 45.3068975,57.0202118 45.5255025,57.2344704 C46.4314575,58.093231 47.4497655,58.8302608 48.553719,59.4262295 L48.553719,59.4262295 Z" id="Path"></path>
                <path d="M49.5867769,69.0481775 C48.3989734,69.4164251 47.1678542,69.6262184 45.9252614,69.6721311 C45.6154409,69.6721311 45.298579,69.6721311 44.9852378,69.6721311 C44.8268068,69.6721311 44.6683758,69.6721311 44.5099449,69.6509802 L44.0381727,69.6086782 C43.4052822,69.5421252 42.7773094,69.4349751 42.1581254,69.2878885 C40.9094438,68.9848908 39.6971477,68.5475786 38.5423789,67.9835785 L38.4614031,67.9412766 C37.822985,67.624012 37.1998232,67.2714958 36.5919178,66.883728 C36.1224927,66.5946647 35.668324,66.2903257 35.2294115,65.970711 L34.8386152,65.6851729 L34.4513395,65.3925845 L34.2577017,65.2445277 L34.0711052,65.0929457 L33.6943916,64.7897818 C33.1979746,64.3738127 32.708599,63.9507932 32.2403475,63.5030976 C31.2939823,62.6219466 30.3949449,61.6911723 29.5470213,60.7146945 L29.3569041,60.4961345 L29.166787,62.4702252 C28.5189804,61.7158405 27.8958186,60.9403049 27.2973017,60.1506686 C26.3924849,58.9662141 25.5369577,57.7429829 24.7271995,56.5056511 L24.4349824,56.0579555 C23.1464106,54.0591886 21.945856,52.0251702 20.7805083,50.0017272 C20.4636464,49.4482767 20.1467845,48.8983515 19.8334433,48.344901 L19.6398055,50.3225169 C18.7209059,48.715043 17.8090477,47.125195 16.8795861,45.581174 C16.5697656,45.0735507 16.2458623,44.5236254 15.967728,44.1111815 C15.6895936,43.6987375 15.3727317,43.2580923 15.0593905,42.8667993 C14.4947127,42.1469145 13.8390792,41.5034824 13.1089294,40.9526363 C12.9962674,40.8680324 12.887126,40.794004 12.7779847,40.7235008 L12.7779847,40.7235008 C12.5864095,40.5972179 12.3850938,40.4864126 12.1759471,40.3921355 C11.9618699,40.2920437 11.7358858,40.2197791 11.5034957,40.1771007 L11.5034957,40.1771007 L11.3943544,40.1771007 C11.1960932,40.1507297 10.9947621,40.1590795 10.7993581,40.2017768 C10.6071187,40.2448165 10.420467,40.3098728 10.2430894,40.3956607 L10.0142447,39.3028605 L8.84537632,33.6872774 L8.26446281,30.8882988 C9.28748116,30.7198434 10.3287306,30.6925633 11.3591475,30.8072201 C12.2731341,30.9105756 13.170748,31.1272714 14.0313496,31.4523247 L14.3482115,31.5792305 C14.7764815,31.7576395 15.1938264,31.9612801 15.5980557,32.1890836 L15.5980557,32.1890836 C16.0006117,32.4167084 16.3897082,32.667412 16.7634034,32.9399431 L16.7634034,32.9399431 L16.8443793,32.9998708 C17.543424,33.5203376 18.1938939,34.1032008 18.787799,34.7413009 C19.5662385,35.5784647 20.2640782,36.4872813 20.8720462,37.4556756 L21.0621634,35.4815849 C21.2910081,35.8341011 21.5022494,36.1866173 21.7029286,36.5602845 C22.0549974,37.2053891 22.4070662,37.8575441 22.6852005,38.5132242 C22.9633349,39.1689043 23.209783,39.7576064 23.4562312,40.3568839 C23.6393069,40.815155 23.8083,41.2699009 23.9948964,41.7246468 C24.7377616,43.6317594 25.4348578,45.5212463 26.1389954,47.3825318 C26.8818605,49.3425219 27.631767,51.26021 28.4415252,53.1567472 C28.5858735,53.4916376 28.7302217,53.8265279 28.8780905,54.1578932 C29.166787,54.7994727 29.4636983,55.4363519 29.7688246,56.068531 L29.9624624,54.0944403 C30.4940863,55.1872405 31.0538757,56.2624149 31.6559133,57.309388 C31.8917994,57.721832 32.1347269,58.1272256 32.3846957,58.5290941 C33.0080863,59.5370966 33.6825935,60.5124922 34.4055706,61.4514534 C34.7576394,61.9238251 35.1413943,62.3750458 35.52867,62.8227414 L35.8244078,63.1541066 L35.9722767,63.3197892 L36.1201456,63.4819467 L36.4264454,63.8027364 L36.736266,64.1164758 C37.1634428,64.5465456 37.6070494,64.9566394 38.067086,65.3467574 C38.5036513,65.7168994 38.95782,66.0694156 39.4225509,66.404306 L39.4964853,66.4571834 C40.4353042,67.1195644 41.4420563,67.6797131 42.4996321,68.1281102 C43.0460796,68.3586509 43.6070799,68.5529542 44.1790002,68.7097619 L44.6120448,68.8225671 C44.7599137,68.8613439 44.9042619,68.8824949 45.0521308,68.9177465 C45.3443479,68.9811994 45.6400857,69.0199762 45.9358235,69.0658033 C47.1482174,69.2218426 48.3759421,69.2159155 49.5867769,69.0481775 Z" id="Path"></path>
                <path d="M54.7520661,75.9317036 C54.0141697,76.957944 53.1516991,77.8812247 52.1859971,78.678698 C51.9359876,78.8731118 51.6929229,79.0711258 51.4324964,79.2511385 C51.300547,79.3375446 51.1755423,79.4383518 51.0401205,79.5175574 L50.6407999,79.7731755 C50.0985948,80.1049712 49.5360289,80.3996216 48.9567085,80.6552379 C47.7905565,81.1664866 46.5737019,81.5431786 45.3280994,81.7785174 L45.2378182,81.7965187 C44.5433475,81.9225276 43.8488769,82.012534 43.1544062,82.0737383 C42.6196638,82.1205416 42.0849214,82.1457434 41.5467067,82.1493437 L41.0709943,82.1493437 L40.5952819,82.1493437 L40.3556895,82.1493437 L40.1195695,82.1493437 L39.6438571,82.1493437 C39.0118888,82.1061406 38.3799205,82.055737 37.7514246,81.9729312 C36.4946741,81.8190712 35.246434,81.5979605 34.0117001,81.3104843 L33.7339119,81.2420794 L34.7096431,82.9918033 C33.7616907,82.7649872 32.8241553,82.5021686 31.8935646,82.2177485 C30.5046233,81.7857179 29.115682,81.2960833 27.7614643,80.7776466 C27.5982637,80.712842 27.4350631,80.6516377 27.2753348,80.5832328 C25.105114,79.7191717 22.9835062,78.7831054 20.9000942,77.8110366 L19.1986411,77.0189805 L20.1743724,78.7687044 C18.5215323,78.0018501 16.8860539,77.2421963 15.2644649,76.5329461 C14.7262502,76.3025298 14.1498395,76.0397112 13.6984336,75.8740995 C13.2470277,75.7084878 12.7365917,75.5320753 12.2608793,75.3988659 C11.3946604,75.14607 10.5007803,75.009348 9.60105675,74.9920371 C9.46563497,74.9920371 9.33368555,74.9920371 9.20868083,74.9920371 C8.98223592,75.0061838 8.75709082,75.0374693 8.5350443,75.0856437 C8.30741989,75.1337957 8.08680848,75.2124621 7.87876953,75.3196603 L7.77807129,75.3736641 C7.60587791,75.4750387 7.45101122,75.6051986 7.31972066,75.7588914 C7.1859051,75.9113916 7.06939883,76.0793004 6.97248533,76.2593268 L6.18078879,75.4528697 L2.05910548,71.542993 L5.87225401e-14,69.5808541 C0.722814179,68.8211092 1.54025653,68.1648616 2.43064728,67.629516 C3.21961892,67.1650933 4.06037281,66.8023794 4.93421397,66.5494395 L5.26061518,66.4594332 C5.70328474,66.3459049 6.1519863,66.2593506 6.60441589,66.2002148 L6.60441589,66.2002148 C7.05123495,66.1384075 7.50101709,66.1023495 7.95168895,66.0922072 L8.05585955,66.0922072 C8.90995839,66.0945059 9.76201376,66.1788726 10.6010945,66.344225 C11.6990788,66.5617623 12.7745792,66.8872555 13.8130212,67.3162938 L12.847707,65.5737705 C13.2331383,65.7285814 13.6116248,65.8977934 13.9762218,66.0742059 C14.635969,66.3874281 15.2644649,66.725852 15.8755991,67.0858775 C16.4867333,67.445903 17.0041139,67.8059285 17.5423286,68.1443524 L18.7507076,68.943609 C20.4313265,70.0668885 22.0668049,71.204569 23.6953386,72.3134475 C25.4037364,73.4799301 27.1051895,74.6140103 28.8240044,75.6796858 C29.1295715,75.8704993 29.4351385,76.0397112 29.744178,76.2413255 C30.3414227,76.5989508 30.9421399,76.9445753 31.5463293,77.2781989 L31.5463293,77.2781989 L30.5567086,75.5284751 C31.6053593,76.106916 32.6678994,76.6481543 33.7443289,77.15219 C34.167956,77.3466037 34.5915831,77.5374172 35.0221549,77.71743 C36.095978,78.1683506 37.1911774,78.5624852 38.3035287,78.8983136 C38.8591053,79.0711258 39.4181541,79.2115357 39.9806754,79.3483454 L40.4043025,79.4383518 L40.6195884,79.4887553 L40.8314019,79.5283581 L41.255029,79.6075638 L41.6821285,79.6795689 C42.2689562,79.7767757 42.8557839,79.8415803 43.4460839,79.8847834 C44.036384,79.9279864 44.5711264,79.9387872 45.1336476,79.9315867 L45.2204564,79.9315867 C46.3510511,79.9061108 47.475679,79.7540169 48.5747497,79.4779546 C49.1420437,79.3351393 49.6999221,79.1547565 50.2449516,78.9379164 L50.6546893,78.7651041 C50.7935834,78.7111003 50.9220605,78.6390952 51.0574823,78.5778909 C51.3317982,78.451882 51.5887523,78.3042715 51.8526511,78.1602613 C52.9079803,77.5504964 53.8825804,76.8013961 54.7520661,75.9317036 L54.7520661,75.9317036 Z" id="Path"></path>
                <path d="M64.0495868,77.8688525 C64.0256686,79.1098968 63.840993,80.3428501 63.5000417,81.5377902 C63.4084508,81.8363036 63.3203827,82.1382881 63.2041328,82.4333304 C63.1477692,82.579116 63.1019737,82.7318437 63.0385647,82.8776293 L62.8518603,83.3149862 C62.5950125,83.8951865 62.3008545,84.4586472 61.971179,85.0019339 C61.30404,86.0969436 60.5185967,87.1175996 59.6285669,88.0460762 L59.5651578,88.1085557 C59.0719763,88.6188054 58.550613,89.1047574 58.0116361,89.5698829 C57.5959545,89.9239336 57.1697048,90.262943 56.7328869,90.586911 L56.3453871,90.8750112 L55.9508419,91.1492269 L55.7535693,91.2880704 L55.552774,91.4199716 L55.1511834,91.6872452 C54.6086837,92.0343538 54.0591386,92.3814624 53.4990253,92.6799758 C52.3807024,93.3096043 51.2295281,93.8808092 50.0502775,94.3912211 L49.7860732,94.505767 L51.5791402,95.2867613 C50.6702771,95.6720518 49.7508459,96.0295737 48.8278919,96.3593268 C47.4364156,96.8487499 46.0273256,97.29652 44.6182355,97.6956949 L44.1074404,97.8345383 C41.8352828,98.4523916 39.5560797,98.9765255 37.3015357,99.4659486 L35.4591505,99.8651235 L37.2522175,100.649589 C35.4591505,101.034879 33.6872198,101.416699 31.96813,101.829758 C31.3974485,101.972073 30.7739262,102.110916 30.3089265,102.24976 C29.8439268,102.388603 29.3260862,102.558686 28.8646092,102.735712 C28.0067434,103.053012 27.1944009,103.478899 26.4480199,104.002658 C26.3352927,104.085964 26.2296109,104.165799 26.1309746,104.249105 C25.9554322,104.395942 25.7895303,104.553615 25.6342704,104.721173 C25.4747702,104.894874 25.3375303,105.087224 25.2256343,105.293902 L25.2256343,105.293902 C25.2080207,105.328613 25.190407,105.359852 25.1763161,105.394563 C25.0912604,105.575365 25.0376721,105.768975 25.0177935,105.967292 C24.9934638,106.163257 24.9934638,106.361413 25.0177935,106.557377 L23.9257488,106.43936 L18.3140478,105.838862 L15.4958678,105.540349 C15.6542457,104.516915 15.9504161,103.518861 16.376549,102.57257 C16.7561628,101.737121 17.2376235,100.950335 17.8102981,100.229588 C17.8807526,100.139339 17.9547298,100.052562 18.0287071,99.965785 C18.3250445,99.6118196 18.6439063,99.2767634 18.9833655,98.9626412 L18.9833655,98.9626412 C19.3185975,98.6483963 19.6714222,98.3528916 20.040183,98.0775143 L20.040183,98.0775143 L20.117683,98.0185058 C20.8199194,97.5110163 21.5688304,97.0694187 22.3546134,96.6994932 C23.371857,96.216048 24.4334531,95.8290154 25.5250659,95.5436216 L23.7742716,94.7660984 C24.179385,94.6584947 24.5844983,94.5647754 24.9825663,94.4814694 C25.6871113,94.3356838 26.4127926,94.224609 27.1173376,94.1343608 C27.8218826,94.0441125 28.445405,94.0163439 29.0830182,93.9677487 C29.5691542,93.9295667 30.0517676,93.8983269 30.5308582,93.8705582 C32.5493796,93.7421281 34.5361965,93.6553509 36.5018771,93.5512184 C38.566194,93.4436147 40.6058517,93.3151845 42.6208505,93.1208037 L43.677668,93.009729 C44.382213,92.929894 45.0620989,92.8431168 45.7490303,92.7424553 L45.7490303,92.7424553 L43.9559632,91.9579899 C45.1466443,91.7879067 46.3267572,91.5796416 47.4786883,91.3262523 C47.9366425,91.2255908 48.3945968,91.1179872 48.8490283,91.0069124 C49.9867451,90.7171932 51.1084735,90.3696192 52.209708,89.9655867 C52.7627758,89.7677348 53.3017527,89.5455853 53.8442524,89.3164936 L54.245843,89.1359971 L54.4466384,89.0457489 L54.643911,88.9520296 L55.0384562,88.7611199 L55.4294786,88.5597969 C55.9614101,88.2855811 56.4862961,87.9870677 56.9935686,87.6711989 C57.500841,87.3553301 57.9447043,87.0429324 58.4026586,86.702766 L58.4695903,86.6506997 C59.3858608,85.9573223 60.2232748,85.1682618 60.9672024,84.2973035 C61.3510146,83.8476781 61.7040656,83.3734076 62.0240199,82.8776293 L62.2635652,82.5027521 C62.3445879,82.377793 62.4115196,82.2424206 62.4890196,82.1139905 C62.6404968,81.8571301 62.7673149,81.5863854 62.9011784,81.3156407 C63.4326522,80.2200882 63.8186335,79.061619 64.0495868,77.8688525 Z" id="Path"></path>
                <path d="M75.2404216,84.6848778 L75.2404216,84.7756854 L75.2404216,84.7756854 C75.1381724,85.4742061 75.0041906,86.1727268 74.8384762,86.8712475 C74.7150719,87.4056159 74.5705126,87.9190286 74.4047983,88.4568895 L74.260239,88.9179132 L74.1015763,89.3789369 L74.0240079,89.6059561 L73.9393878,89.8329753 L73.7701476,90.2870138 C73.5339166,90.8877416 73.287108,91.4884694 73.0156185,92.0717342 C72.4802186,93.2454356 71.8847545,94.3913329 71.2315451,95.5049634 C71.1821834,95.5852933 71.1363475,95.6691158 71.0834599,95.7529383 L72.9979894,95.3303332 C72.4902689,96.1790359 71.9578675,97.0137681 71.4007853,97.8275447 C70.5686877,99.0569412 69.6872285,100.244426 68.7775626,101.403971 L68.4496598,101.819591 C66.9617566,103.674163 65.4068625,105.44142 63.8872268,107.187722 L62.6285031,108.584764 L64.5395067,108.162159 C63.3160413,109.534752 62.1066792,110.893374 60.9466789,112.25549 C60.5658885,112.706036 60.1463139,113.188015 59.8501436,113.579187 C59.5539733,113.970358 59.2331222,114.410426 58.9651585,114.826046 C58.4600563,115.587482 58.0537406,116.408882 57.7557965,117.270868 C57.7134865,117.403587 57.6747022,117.536306 57.6429697,117.66204 C57.5858136,117.884742 57.5445767,118.111158 57.5195654,118.339605 C57.4900678,118.571529 57.4900678,118.806202 57.5195654,119.038126 L57.5195654,119.038126 C57.5195654,119.076544 57.5195654,119.11147 57.5195654,119.149889 C57.5583655,119.346478 57.6298548,119.535319 57.7311156,119.708706 C57.8304726,119.879515 57.9487298,120.038829 58.0836993,120.1837 L57.1317234,120.732039 L52.2625426,123.602959 L49.8191377,125 C49.343903,124.072226 48.9964482,123.085499 48.7860675,122.066213 C48.5991366,121.160029 48.5245427,120.234634 48.5639397,119.310549 C48.5639397,119.195293 48.5639397,119.080037 48.5850947,118.961289 C48.6195508,118.492554 48.6807632,118.026128 48.7684383,117.564247 C48.860097,117.108614 48.9778146,116.658507 49.121022,116.216102 L49.121022,116.216102 L49.1527545,116.118309 C49.4241795,115.291245 49.768695,114.489499 50.1822989,113.722383 C50.7264119,112.724769 51.3638586,111.77995 52.0862508,110.90036 L50.1717213,111.322965 C50.439685,110.99466 50.7111744,110.680326 50.9861897,110.376469 C51.4798068,109.835116 51.9910532,109.328688 52.512877,108.839724 C53.0347009,108.350759 53.5212664,107.959588 54.0078319,107.540475 C54.3780448,107.226141 54.7517835,106.911806 55.1219963,106.604457 C56.6839421,105.312194 58.2388361,104.065335 59.7690494,102.818475 C61.376831,101.508749 62.9423026,100.202515 64.4689899,98.847385 C64.7404794,98.6098879 65.008443,98.3688983 65.2728807,98.1279086 C65.7876529,97.6622282 66.2941982,97.1825773 66.7925164,96.688956 L66.7925164,96.688956 L64.8815128,97.111561 C65.741817,96.2710078 66.571564,95.4025137 67.3707537,94.5060788 C67.6857285,94.1544901 67.9924763,93.7982445 68.2909971,93.4373421 C69.0441506,92.5304949 69.750231,91.586271 70.4064993,90.6083333 C70.7379279,90.1193688 71.0411499,89.6199265 71.3443719,89.113499 L71.5629738,88.7293126 L71.6722747,88.5372194 L71.7780498,88.3451262 L71.9860742,87.9539546 L72.183521,87.562783 C72.4561858,87.0202653 72.7041696,86.4707623 72.9274726,85.9142742 C73.1507756,85.357786 73.3411708,84.8164325 73.4986582,84.2902136 C73.5085045,84.2627658 73.5167451,84.2347785 73.5233391,84.2063911 C73.856091,83.1025721 74.0700072,81.9669759 74.1615155,80.8185657 C74.2097412,80.2248829 74.2191631,79.6287325 74.1897222,79.0338453 L74.1579897,78.586792 C74.1579897,78.4331175 74.1262572,78.2864281 74.1121538,78.1362462 C74.0839471,77.8358823 74.0275337,77.5425036 73.978172,77.2421397 C73.7508326,76.0412305 73.3680591,74.8743865 72.8393267,73.7704918 C73.551898,74.798345 74.1289334,75.9121954 74.5564093,77.0849725 C74.6551327,77.3818438 74.7644336,77.6822077 74.8455279,77.9860642 C74.8843121,78.1397388 74.9371997,78.2934133 74.9689322,78.4470879 L75.0782331,78.9116042 C75.2099386,79.5375642 75.3029585,80.1709026 75.3567742,80.8080879 C75.4603337,82.1006997 75.421319,83.4006431 75.2404216,84.6848778 L75.2404216,84.6848778 Z" id="Path"></path>
                <path d="M91.9421488,112.083749 L91.4870204,113.099036 L89.1397046,118.301943 L87.9678385,120.901639 C86.1758323,120.00585 84.6538206,118.66641 83.5527347,117.016147 C83.4882283,116.921293 83.4273056,116.822926 83.3663829,116.724559 C83.1179818,116.327069 82.8941945,115.915293 82.6962332,115.49146 L82.6962332,115.49146 C82.4977571,115.067863 82.3230895,114.633931 82.1730147,114.191611 L82.1730147,114.191611 C82.1730147,114.159994 82.1550963,114.128376 82.1443452,114.096758 C81.8735635,113.261895 81.6804505,112.404711 81.5673714,111.535705 C81.4199569,110.398797 81.381563,109.250848 81.4526934,108.106916 L80.1303125,109.585933 C80.1553983,109.16436 80.1912352,108.746301 80.2378231,108.335268 C80.3202479,107.597516 80.4385096,106.880843 80.5782735,106.178222 C80.7180373,105.475601 80.882887,104.860808 81.0334019,104.231963 C81.1516636,103.754181 81.273509,103.279912 81.3917707,102.809156 C81.9042381,100.827765 82.4417913,98.8920452 82.9614261,96.9668644 C83.5025631,94.9468298 84.0365326,92.9478739 84.4665752,90.9454048 C84.5454163,90.5940944 84.6206738,90.2427841 84.6959312,89.8914737 C84.8356951,89.188853 84.9682915,88.510824 85.0865532,87.8187426 L85.0865532,87.8187426 L83.767756,89.2977592 C83.9720262,88.0997909 84.1440432,86.9018225 84.2658886,85.7003411 C84.3124766,85.2260721 84.3518972,84.7553162 84.3841504,84.2950997 C84.4641876,83.1117099 84.4833249,81.9251174 84.4414894,80.7398388 C84.4414894,80.1461243 84.376983,79.5559229 84.3268113,78.9657215 L84.2766397,78.5230704 L84.2551376,78.3017449 L84.2228844,78.0839325 L84.1655454,77.6412814 L84.0938716,77.2056566 C83.9983066,76.6060869 83.8788503,76.0112013 83.7355028,75.4209999 C83.5921553,74.8307985 83.4285002,74.2768992 83.2445375,73.7593019 L83.2122843,73.6785005 C82.8336429,72.5831543 82.3349863,71.5312754 81.7250537,70.541299 C81.4096107,70.0305864 81.0612871,69.5401 80.6822004,69.0728217 L80.3919217,68.7215113 C80.2951621,68.6020658 80.1876515,68.5001858 80.0873082,68.370201 C79.8866217,68.1453623 79.664433,67.9345761 79.445828,67.7237899 C78.5450824,66.8829125 77.5368108,66.1602023 76.446281,65.5737705 C77.6421122,65.9863378 78.7781163,66.5496476 79.825699,67.2495209 C80.0873082,67.4357154 80.3525011,67.6008313 80.5997756,67.8151306 C80.7252047,67.9134975 80.8578012,68.0083513 80.9760629,68.1137444 L81.3344317,68.4299237 C81.8176144,68.859146 82.2713417,69.3191934 82.6926495,69.8070603 C83.5461164,70.7911958 84.2864294,71.8644777 84.9002015,73.0074977 C84.9166026,73.0333252 84.9309787,73.0603367 84.9432057,73.0882991 C85.2824615,73.727684 85.5918533,74.3787792 85.871381,75.0415847 C86.0840131,75.5521558 86.2787268,76.068582 86.4555221,76.5908634 L86.6096207,77.05108 L86.7529682,77.5183228 L86.824642,77.7501876 L86.8891484,77.9855656 L87.0217449,78.4563215 C87.1830108,79.085167 87.3406931,79.7175257 87.4625385,80.3569105 C87.720223,81.6347118 87.9115992,82.9245082 88.0359286,84.2213245 C88.0359286,84.3196914 88.0359286,84.4145452 88.0610144,84.5129121 L89.3833954,83.0338955 C89.4741822,84.0269328 89.5327157,85.01997 89.5589961,86.0130073 C89.6020004,87.5060764 89.5876656,88.9991454 89.5267429,90.4816751 C89.5267429,90.6573303 89.5267429,90.8329855 89.5016571,91.0121538 C89.3869791,93.3905249 89.1755415,95.7478175 88.9426017,98.073492 L88.7490826,99.970568 L90.0714635,98.4915514 C89.881528,100.335931 89.6951763,102.159232 89.548245,103.957941 C89.5052408,104.551655 89.4479018,105.19104 89.433567,105.682874 C89.4192323,106.174709 89.433567,106.736806 89.4514855,107.22864 C89.4895189,108.15062 89.6460478,109.064213 89.9173649,109.947782 C89.9603692,110.077767 90.0069571,110.207752 90.0571288,110.327197 L90.0571288,110.327197 C90.1417861,110.54369 90.2423948,110.75386 90.3581586,110.956043 C90.4750444,111.162757 90.6183542,111.354008 90.7846175,111.525166 L90.7846175,111.525166 L90.8670423,111.602454 C91.0157386,111.740025 91.1864356,111.852768 91.3723423,111.936199 C91.556402,112.005054 91.7474126,112.054516 91.9421488,112.083749 L91.9421488,112.083749 Z" id="Path"></path>
                <path d="M116.735537,94.1117012 C115.712083,94.2801566 114.67039,94.3074367 113.639534,94.1927799 C112.725157,94.0894244 111.827161,93.8727286 110.966193,93.5476753 L110.649196,93.4207695 C110.221063,93.241652 109.803581,93.0380312 109.398819,92.8109164 L109.398819,92.8109164 C108.996091,92.5832916 108.606829,92.332588 108.232974,92.0600569 L108.232974,92.0600569 L108.151964,92.0001292 C107.452621,91.4796624 106.801874,90.8967992 106.207716,90.2586991 C105.430019,89.4206258 104.731962,88.5119137 104.122581,87.5443244 L103.932382,89.5184151 C103.70344,89.1658989 103.492109,88.8133827 103.291344,88.4397155 C102.939125,87.7946109 102.604517,87.1424559 102.308654,86.4867758 C102.01279,85.8310957 101.783848,85.2423936 101.537294,84.6431161 C101.354141,84.184845 101.185076,83.7300991 100.9984,83.2753532 C100.255218,81.3682406 99.5578245,79.4787537 98.8533868,77.613943 C98.110205,75.6574781 97.3564567,73.7362648 96.5498756,71.8432528 C96.4054659,71.5083624 96.2610561,71.1734721 96.1131242,70.8421068 C95.8243048,70.2005273 95.5272669,69.5636481 95.2220106,68.931469 L95.0282902,70.9020346 C94.4964398,69.8092344 93.9364118,68.7375851 93.3341176,67.690612 C93.098131,67.278168 92.8551,66.8727744 92.6050246,66.4709059 C91.9813684,65.4629034 91.3065737,64.4875078 90.5832885,63.5485466 C90.2310696,63.0761749 89.8471511,62.6249542 89.4597104,62.1772586 L89.1638466,61.8458934 L89.0159147,61.6802108 L88.8679827,61.5180533 L88.5615524,61.1972636 L88.2515998,60.8835242 C87.826589,60.4534544 87.3827933,60.0433606 86.9202126,59.6532426 C86.4834612,59.2831006 86.0290989,58.9305844 85.56417,58.595694 L85.4902041,58.5428166 C84.5518101,57.8791211 83.5444835,57.3188914 82.4857774,56.8718898 C81.939097,56.6413491 81.3778576,56.4470458 80.8056935,56.2902381 L80.3724644,56.1774329 C80.2245325,56.1386561 80.0801227,56.1175051 79.9321908,56.0822535 C79.6398492,56.0152754 79.3439854,55.9800238 79.0481215,55.9341967 C77.8410073,55.7797218 76.6187852,55.7856484 75.4132231,55.9518225 C76.6015328,55.5835749 77.8331767,55.3737816 79.0762991,55.3278689 C79.3862516,55.3278689 79.7032486,55.3278689 80.0167234,55.3278689 C80.1752218,55.3278689 80.3337203,55.3278689 80.4922188,55.3490198 L80.964192,55.3913218 C81.5973522,55.4578748 82.2255927,55.5650249 82.8450406,55.7121115 C84.0947518,56.0134494 85.3077415,56.4508254 86.4623281,57.0164215 L86.5433384,57.0587234 C87.1808545,57.375988 87.807804,57.724979 88.4136204,58.116272 C88.8832456,58.4053353 89.3376079,58.7096743 89.7767073,59.029289 L90.1676703,59.3113019 L90.555111,59.6074155 L90.7488313,59.7554723 L90.9355073,59.9070543 L91.3123815,60.2102182 C91.80901,60.6261873 92.2985942,61.0492068 92.7670453,61.4933772 C93.7129842,62.3766111 94.6123584,63.308514 95.4615194,64.2853055 L95.6517176,64.5038655 L95.8419157,62.5297748 C96.4899984,63.2841595 97.1134257,64.0596951 97.7121978,64.8493314 C98.6174002,66.0337859 99.4732919,67.2534919 100.283395,68.4908238 L100.575737,68.9385193 C101.864858,70.9408114 103.065924,72.9748298 104.231768,74.9982728 L105.179237,76.6515738 L105.372957,74.6774831 C106.295771,76.284957 107.204495,77.874805 108.134353,79.418826 C108.444306,79.9264493 108.768347,80.4763746 109.0466,80.8888185 C109.324853,81.3012625 109.64185,81.7419077 109.955325,82.1332007 C110.521072,82.8575203 111.176791,83.5066848 111.906617,84.0649895 C112.019327,84.1495934 112.128515,84.2236218 112.241225,84.294125 L112.241225,84.294125 C112.432882,84.4204079 112.634283,84.5312132 112.843519,84.6254903 C113.055948,84.7261093 113.281094,84.797268 113.512735,84.837 L113.512735,84.837 C113.550239,84.8401389 113.58794,84.8401389 113.625445,84.837 C113.823791,84.8633709 114.025207,84.8550212 114.220695,84.8123238 C114.41256,84.7676948 114.599119,84.7026987 114.7772,84.6184399 L115.002621,85.707715 L116.164943,91.3127226 L116.735537,94.1117012 Z" id="Path"></path>
                <path d="M125,55.4191795 C124.277232,56.1809713 123.459841,56.8389871 122.569507,57.3757751 C121.78094,57.8422011 120.940148,58.2059316 120.066099,58.4587616 L119.739718,58.5526204 C119.297077,58.6664546 118.848404,58.753242 118.396003,58.8125372 L118.396003,58.8125372 C117.944285,58.8689882 117.489883,58.8991182 117.034927,58.902786 L116.934235,58.902786 C116.08019,58.9004812 115.228189,58.8158871 114.389161,58.6500892 C113.291129,58.4307967 112.215694,58.1032168 111.177438,57.6717914 L112.153108,59.4262295 C111.767701,59.2710014 111.389238,59.1013336 111.024664,58.9244458 C110.364959,58.6103797 109.736503,58.2710439 109.125408,57.9100484 C108.514312,57.5490529 107.996964,57.1880574 107.458784,56.8487217 L106.250482,56.0581415 C104.569969,54.9318356 102.934594,53.7910898 101.306164,52.6792236 C99.5978746,51.5095982 97.8965294,50.3724624 96.1743514,49.3039157 C95.8688037,49.1125881 95.5667281,48.9248705 95.2577083,48.7407628 C94.6605014,48.3821739 94.0598224,48.0356182 93.4556712,47.7010957 L93.4556712,47.7010957 L94.4313406,49.4555338 C93.3897007,48.8743311 92.3202837,48.3256179 91.2439225,47.8274442 C90.8203222,47.6325066 90.396722,47.441179 89.9661775,47.2606812 C88.8924225,46.8085457 87.7972925,46.4133491 86.6850118,46.076616 C86.1294705,45.9033381 85.570457,45.7625499 85.0079715,45.6253716 L84.5843713,45.5315128 L84.3725711,45.4845834 L84.1572989,45.4448739 L83.7336987,45.3618449 L83.3066263,45.2932558 C82.7198358,45.195787 82.1330453,45.1271978 81.5427827,45.0874883 C80.9525201,45.0477788 80.4178116,45.033339 79.855326,45.0405589 L79.7685227,45.0405589 C78.6382366,45.0664499 77.5138386,45.2177218 76.4144422,45.4918033 C75.8475653,45.6378972 75.2898232,45.8199388 74.7443462,46.0369065 L74.3346345,46.2101843 C74.1957492,46.2643336 74.0672802,46.3365327 73.9318671,46.397902 C73.6610407,46.5242504 73.4006307,46.6722586 73.1367486,46.8166568 C72.0851421,47.4288508 71.1141429,48.1799401 70.2479339,49.0512189 C70.9857835,48.0222135 71.8481994,47.0964452 72.8138402,46.2968232 C73.0638338,46.1018857 73.3068831,45.8997282 73.5672931,45.7228404 C73.6992341,45.6362015 73.8242309,45.5351227 73.9596441,45.4520938 L74.3589394,45.1993969 C74.9014884,44.8674269 75.463973,44.5720066 76.042924,44.314958 C77.2096221,43.8032908 78.4261692,43.424445 79.671303,43.185042 L79.7615785,43.185042 C80.4560051,43.0586936 81.1504317,42.9684447 81.8448583,42.9070755 C82.3795668,42.8601461 82.9142753,42.8348764 83.4524559,42.8312665 L83.9281381,42.8312665 L84.4038203,42.8312665 L84.6433975,42.8312665 L84.8795026,42.8312665 L85.3551848,42.8529262 C85.987113,42.8962456 86.6190412,42.946785 87.2474973,43.029814 C88.5044117,43.18233 89.7526609,43.404052 90.9869846,43.6940457 L91.2647553,43.7626348 L90.2890859,42.0081967 C91.2358208,42.2344206 92.1744541,42.493134 93.1049858,42.784337 C94.493839,43.2175316 95.8826922,43.7048756 97.2368241,44.228319 L97.7229227,44.4232566 C99.8930059,45.2932558 102.014479,46.2282341 104.097759,47.2065319 L105.799104,48.000722 L104.823435,46.2462839 C106.47617,47.0152043 108.111545,47.7769048 109.733031,48.4880659 C110.271212,48.719103 110.847586,48.9790198 111.298963,49.1486877 C111.75034,49.3183556 112.260744,49.4916334 112.736426,49.6215918 C113.602152,49.8776654 114.496151,50.015996 115.39608,50.0331266 C115.531493,50.0331266 115.663434,50.0331266 115.791903,50.0331266 L115.791903,50.0331266 C116.017018,50.0171808 116.240877,49.9858265 116.462025,49.9392678 C116.689635,49.890986 116.910232,49.8121078 117.118258,49.7046207 L117.118258,49.7046207 L117.21895,49.6504714 C117.391132,49.5488237 117.545989,49.4183131 117.677271,49.2642062 C117.811418,49.1115811 117.927946,48.9431773 118.024485,48.7624225 L118.819603,49.5313429 L122.941025,53.4625839 L125,55.4191795 Z" id="Path"></path>
                <path d="M109.504132,19.4760063 C109.345639,20.4984501 109.049254,21.4955397 108.622812,22.4409148 C108.242922,23.2755564 107.761112,24.0615818 107.188021,24.7816321 C107.117516,24.8717931 107.043485,24.9584863 106.969454,25.0451796 C106.671999,25.3980205 106.352956,25.7326989 106.014102,26.0473533 L106.014102,26.0473533 C105.678627,26.3612943 105.325546,26.6565133 104.956518,26.9316243 L104.956518,26.9316243 L104.878961,26.9905757 C104.176215,27.4975745 103.42676,27.9387451 102.640407,28.3083128 C101.616769,28.7923201 100.548453,29.1789956 99.4500259,29.4630667 L101.233819,30.2259671 C100.828411,30.3334668 100.423004,30.4270954 100.024647,30.510321 C99.3195904,30.6559656 98.5933822,30.7669329 97.8883256,30.8570939 C97.1832691,30.9472548 96.5592941,30.9749967 95.9212179,31.0235449 C95.4347289,31.0582222 94.9517651,31.0928995 94.4723267,31.1206413 C92.4523397,31.2454796 90.4640802,31.3356405 88.479346,31.4396724 C86.4135304,31.547172 84.3723917,31.675478 82.3559299,31.8696708 L81.2983451,31.9806382 C80.5932886,32.060396 79.912909,32.1470892 79.2254789,32.2476533 L81.0198478,33.0313602 C79.8283022,33.2012789 78.6473325,33.4093427 77.4945651,33.6624869 C77.0362783,33.7595833 76.5779916,33.8670829 76.1232301,33.981518 C74.9846872,34.2709571 73.8621444,34.6181949 72.7601104,35.0218368 C72.206641,35.2194974 71.6672727,35.441432 71.1243792,35.6703022 L70.7224969,35.8506241 L70.5215558,35.9407851 L70.32414,36.0344137 L69.9293083,36.2251389 L69.5380019,36.4262672 C69.0056843,36.7002178 68.4804171,36.9949748 67.9727764,37.3140059 C67.4651357,37.633037 67.0209501,37.9416649 66.5626633,38.2815023 L66.495683,38.3335183 C65.579532,39.0271246 64.7416036,39.815334 63.9962575,40.6846388 C63.6121666,41.1338293 63.2588593,41.6076412 62.9386727,42.10294 L62.6989535,42.4774548 C62.617872,42.6022931 62.5508916,42.7375345 62.4733354,42.8658405 C62.3217482,43.1224525 62.194838,43.3929353 62.0608773,43.6634182 C61.5403582,44.7674279 61.1671105,45.9329965 60.9504132,47.1311475 C60.9743487,45.8913033 61.1591585,44.6595422 61.5003573,43.4657577 C61.59554,43.1675329 61.6801467,42.8623728 61.7964811,42.5710835 C61.8528856,42.4254389 61.8987143,42.2728588 61.9621694,42.1272141 L62.1490094,41.6902803 C62.406757,41.1098539 62.7011034,40.545828 63.03033,40.0014961 C63.6988918,38.9092383 64.4848415,37.8908146 65.374643,36.9637652 L65.4380981,36.9013461 C65.9316377,36.3915899 66.4533796,35.90264 66.9927478,35.441432 C67.406381,35.0877236 67.8329402,34.7490421 68.2724254,34.4253873 L68.6602065,34.1375658 L69.0550382,33.8636152 L69.252454,33.724906 L69.4533952,33.5896646 L69.8552774,33.3261172 C70.3981709,32.9793442 70.948115,32.6325713 71.508635,32.3343466 C72.6277699,31.705327 73.77978,31.1346744 74.9598868,30.624756 L75.224283,30.510321 L73.4299141,29.7300819 C74.339437,29.3416962 75.2595358,28.9879878 76.1831599,28.6585535 C77.5544949,28.1453296 78.964608,27.6979925 80.3747211,27.2992036 L80.885887,27.1604944 C83.1596944,26.5432386 85.4405523,26.0196115 87.6967333,25.5271939 L89.5404561,25.1318728 L87.7460872,24.348166 C89.5404561,23.963248 91.3136734,23.5817978 93.0340113,23.169138 C93.6051071,23.0269611 94.2290822,22.8882519 94.6944195,22.7495428 C95.1597568,22.6108336 95.6779734,22.4409148 96.1397854,22.2640607 C96.9982741,21.9470674 97.8112065,21.521592 98.5581294,20.9983395 C98.6709384,20.9151139 98.7766969,20.8318884 98.8754048,20.7486629 C99.0518362,20.6040404 99.2179184,20.4476215 99.3724697,20.2805195 C99.5320857,20.1069863 99.6694252,19.914822 99.7814025,19.7083441 C99.7814025,19.6736669 99.8166553,19.6389896 99.8307564,19.6043123 C99.9158739,19.4236851 99.9695011,19.2302621 99.9893941,19.0321369 C100.013742,18.836362 100.013742,18.6383979 99.9893941,18.442623 L101.085757,18.5605257 L106.690957,19.1604429 L109.504132,19.4760063 Z" id="Path"></path>
            </g>
        </g>
    </g>
</svg>